[[[546 757]]

 [[546 759]]

 [[546 758]]

 [[547 757]]

 [[548 758]]

 [[548 759]]

 [[549 759]]

 [[547 757]]

 [[548 756]]

 [[548 755]]

 [[549 754]]

 [[550 754]]

 [[552 756]]

 [[552 757]]

 [[551 758]]

 [[552 758]]

 [[552 756]]

 [[550 754]]

 [[548 754]]

 [[548 755]]]
[[[530 736]]

 [[530 737]]

 [[529 738]]

 [[529 739]]

 [[530 740]]

 [[530 743]]

 [[531 744]]

 [[531 745]]

 [[532 746]]

 [[532 747]]

 [[533 748]]

 [[533 749]]

 [[535 751]]

 [[535 752]]

 [[541 758]]

 [[541 759]]

 [[541 757]]

 [[535 751]]

 [[535 750]]

 [[533 748]]

 [[533 747]]

 [[532 746]]

 [[532 745]]

 [[531 744]]

 [[531 743]]

 [[530 742]]

 [[530 740]]

 [[529 739]]

 [[529 738]]

 [[530 737]]]
[[[960 734]]

 [[960 738]]

 [[961 739]]

 [[961 754]]

 [[962 755]]

 [[962 759]]

 [[962 755]]

 [[961 754]]

 [[961 739]]

 [[960 738]]]
[[[551 730]]

 [[551 731]]

 [[549 733]]

 [[549 740]]

 [[548 741]]

 [[546 741]]

 [[548 743]]

 [[549 742]]

 [[550 743]]

 [[551 743]]

 [[552 744]]

 [[554 742]]

 [[554 739]]

 [[553 738]]

 [[553 737]]

 [[554 736]]

 [[556 738]]

 [[556 739]]

 [[557 740]]

 [[557 742]]

 [[559 744]]

 [[560 744]]

 [[561 745]]

 [[563 745]]

 [[565 747]]

 [[566 747]]

 [[567 748]]

 [[568 748]]

 [[575 755]]

 [[576 755]]

 [[577 756]]

 [[578 756]]

 [[579 757]]

 [[580 757]]

 [[581 758]]

 [[581 759]]

 [[581 757]]

 [[580 757]]

 [[579 756]]

 [[578 756]]

 [[577 755]]

 [[576 755]]

 [[573 752]]

 [[572 752]]

 [[571 751]]

 [[571 750]]

 [[569 748]]

 [[568 748]]

 [[567 747]]

 [[566 747]]

 [[565 746]]

 [[564 746]]

 [[563 745]]

 [[562 745]]

 [[561 744]]

 [[560 744]]

 [[557 741]]

 [[557 739]]

 [[556 738]]

 [[556 737]]

 [[555 737]]

 [[554 736]]

 [[554 735]]

 [[553 734]]

 [[553 729]]

 [[552 730]]]
[[[548 741]]

 [[549 740]]

 [[550 741]]

 [[549 742]]]
[[[553 738]]

 [[554 739]]

 [[554 741]]

 [[553 742]]

 [[553 743]]

 [[552 744]]

 [[550 742]]

 [[551 741]]

 [[551 740]]]
[[[552 730]]

 [[553 731]]

 [[553 734]]

 [[554 735]]

 [[554 736]]

 [[551 739]]

 [[551 740]]

 [[550 741]]

 [[549 740]]

 [[549 734]]

 [[550 733]]

 [[550 732]]]
[[[185 690]]

 [[184 691]]

 [[183 691]]

 [[180 694]]

 [[179 694]]

 [[170 703]]

 [[170 706]]

 [[176 712]]

 [[179 712]]

 [[188 703]]

 [[187 702]]

 [[187 701]]

 [[186 700]]

 [[185 700]]

 [[184 699]]

 [[184 698]]

 [[182 696]]

 [[181 696]]

 [[184 699]]

 [[184 700]]

 [[185 700]]

 [[188 703]]

 [[187 704]]

 [[186 704]]

 [[178 712]]

 [[177 712]]

 [[170 705]]

 [[170 704]]

 [[181 693]]

 [[182 693]]

 [[184 691]]

 [[186 691]]

 [[192 697]]

 [[192 698]]

 [[190 700]]

 [[190 701]]

 [[192 699]]

 [[192 698]]

 [[193 697]]

 [[187 691]]

 [[186 691]]]
[[[ 23 690]]

 [[ 22 691]]

 [[ 22 695]]

 [[ 21 696]]

 [[ 21 703]]

 [[ 20 704]]

 [[ 20 707]]

 [[ 19 708]]

 [[ 19 710]]

 [[ 20 711]]

 [[ 19 712]]

 [[ 19 722]]

 [[ 18 723]]

 [[ 18 729]]

 [[ 17 730]]

 [[ 17 738]]

 [[ 16 739]]

 [[ 16 751]]

 [[ 15 752]]

 [[ 15 756]]

 [[ 14 757]]

 [[ 14 759]]

 [[ 14 757]]

 [[ 15 756]]

 [[ 15 752]]

 [[ 16 751]]

 [[ 16 739]]

 [[ 17 738]]

 [[ 17 730]]

 [[ 18 729]]

 [[ 18 723]]

 [[ 19 722]]

 [[ 19 712]]

 [[ 20 711]]

 [[ 19 710]]

 [[ 19 708]]

 [[ 20 707]]

 [[ 20 704]]

 [[ 21 703]]

 [[ 21 696]]

 [[ 22 695]]

 [[ 22 691]]]
[[[ 21 689]]

 [[ 20 689]]

 [[ 20 690]]

 [[ 12 698]]

 [[ 12 699]]

 [[  8 703]]

 [[  8 704]]

 [[  6 706]]

 [[  6 707]]

 [[  4 709]]

 [[  4 710]]

 [[  3 711]]

 [[  3 712]]

 [[  2 713]]

 [[  2 714]]

 [[  1 715]]

 [[  1 723]]

 [[  1 716]]

 [[  2 715]]

 [[  2 713]]

 [[  4 711]]

 [[  4 710]]

 [[  6 708]]

 [[  6 707]]

 [[  8 705]]

 [[  8 704]]

 [[ 12 700]]

 [[ 12 699]]

 [[ 20 691]]

 [[ 20 690]]]
[[[ 24 682]]

 [[ 23 683]]

 [[ 23 684]]

 [[ 21 686]]

 [[ 20 686]]

 [[ 18 688]]

 [[ 17 688]]

 [[ 16 689]]

 [[ 15 689]]

 [[ 14 690]]

 [[ 13 690]]

 [[ 12 691]]

 [[ 11 691]]

 [[ 10 692]]

 [[  9 692]]

 [[  8 693]]

 [[  7 693]]

 [[  6 694]]

 [[  5 694]]

 [[  4 695]]

 [[  3 695]]

 [[  1 697]]

 [[  0 697]]

 [[  1 697]]

 [[  2 696]]

 [[  3 696]]

 [[  4 695]]

 [[  5 695]]

 [[  6 694]]

 [[  7 694]]

 [[  8 693]]

 [[  9 693]]

 [[ 10 692]]

 [[ 11 692]]

 [[ 13 690]]

 [[ 15 690]]

 [[ 17 688]]

 [[ 18 688]]

 [[ 20 686]]

 [[ 22 686]]

 [[ 22 685]]

 [[ 23 684]]

 [[ 23 683]]]
[[[ 965  681]]

 [[ 965  682]]

 [[ 967  684]]

 [[ 968  684]]

 [[ 969  685]]

 [[ 970  685]]

 [[ 972  687]]

 [[ 973  687]]

 [[ 975  689]]

 [[ 976  689]]

 [[ 977  690]]

 [[ 978  690]]

 [[ 980  692]]

 [[ 981  692]]

 [[ 982  693]]

 [[ 983  693]]

 [[ 984  694]]

 [[ 985  694]]

 [[ 987  696]]

 [[ 988  696]]

 [[ 989  697]]

 [[ 990  697]]

 [[ 991  698]]

 [[ 992  698]]

 [[ 993  699]]

 [[ 994  699]]

 [[ 996  701]]

 [[ 997  701]]

 [[ 998  702]]

 [[ 999  702]]

 [[1000  703]]

 [[1001  703]]

 [[1003  705]]

 [[1004  705]]

 [[1005  706]]

 [[1006  706]]

 [[1007  707]]

 [[1008  707]]

 [[1010  709]]

 [[1011  709]]

 [[1012  710]]

 [[1013  710]]

 [[1014  711]]

 [[1015  711]]

 [[1014  710]]

 [[1013  710]]

 [[1012  709]]

 [[1011  709]]

 [[1009  707]]

 [[1008  707]]

 [[1007  706]]

 [[1006  706]]

 [[1005  705]]

 [[1004  705]]

 [[1003  704]]

 [[1002  704]]

 [[1000  702]]

 [[ 999  702]]

 [[ 998  701]]

 [[ 997  701]]

 [[ 995  699]]

 [[ 994  699]]

 [[ 993  698]]

 [[ 992  698]]

 [[ 991  697]]

 [[ 990  697]]

 [[ 989  696]]

 [[ 988  696]]

 [[ 986  694]]

 [[ 985  694]]

 [[ 984  693]]

 [[ 983  693]]

 [[ 982  692]]

 [[ 981  692]]

 [[ 979  690]]

 [[ 978  690]]

 [[ 977  689]]

 [[ 976  689]]

 [[ 974  687]]

 [[ 973  687]]

 [[ 971  685]]

 [[ 970  685]]

 [[ 969  684]]

 [[ 968  684]]

 [[ 967  683]]

 [[ 966  683]]

 [[ 965  682]]]
[[[594 680]]

 [[593 680]]

 [[592 681]]

 [[592 683]]

 [[592 681]]

 [[593 680]]

 [[594 681]]

 [[594 682]]

 [[596 684]]

 [[595 685]]

 [[593 685]]

 [[595 685]]

 [[596 684]]

 [[598 684]]

 [[600 686]]

 [[600 688]]

 [[599 689]]

 [[599 690]]

 [[598 691]]

 [[598 692]]

 [[598 691]]

 [[600 689]]

 [[600 687]]

 [[601 686]]

 [[602 687]]

 [[602 689]]

 [[603 689]]

 [[604 688]]

 [[608 692]]

 [[609 692]]

 [[610 693]]

 [[611 692]]

 [[613 694]]

 [[611 697]]

 [[608 697]]

 [[608 699]]

 [[608 698]]

 [[609 697]]

 [[611 697]]

 [[614 700]]

 [[615 700]]

 [[619 704]]

 [[620 704]]

 [[624 708]]

 [[624 709]]

 [[625 710]]

 [[625 712]]

 [[627 714]]

 [[627 715]]

 [[626 716]]

 [[625 716]]

 [[622 713]]

 [[620 713]]

 [[619 712]]

 [[616 715]]

 [[616 716]]

 [[613 719]]

 [[613 720]]

 [[610 723]]

 [[610 724]]

 [[607 727]]

 [[607 728]]

 [[604 731]]

 [[604 732]]

 [[600 736]]

 [[600 737]]

 [[597 740]]

 [[597 741]]

 [[593 745]]

 [[593 746]]

 [[591 748]]

 [[591 749]]

 [[587 753]]

 [[587 754]]

 [[584 757]]

 [[584 759]]

 [[584 758]]

 [[587 755]]

 [[587 754]]

 [[591 750]]

 [[591 749]]

 [[593 747]]

 [[593 746]]

 [[597 742]]

 [[597 741]]

 [[600 738]]

 [[600 737]]

 [[604 733]]

 [[604 732]]

 [[607 729]]

 [[607 728]]

 [[610 725]]

 [[610 724]]

 [[613 721]]

 [[613 720]]

 [[616 717]]

 [[616 716]]

 [[619 713]]

 [[621 713]]

 [[625 717]]

 [[626 716]]

 [[627 717]]

 [[627 713]]

 [[625 711]]

 [[625 710]]

 [[624 709]]

 [[624 707]]

 [[621 704]]

 [[620 704]]

 [[616 700]]

 [[615 700]]

 [[612 697]]

 [[612 696]]

 [[613 695]]

 [[613 694]]

 [[612 693]]

 [[612 692]]

 [[611 692]]

 [[610 693]]

 [[605 688]]

 [[603 688]]

 [[599 684]]

 [[596 684]]

 [[595 683]]

 [[595 682]]

 [[594 681]]]
[[[597 676]]

 [[597 680]]

 [[598 680]]

 [[600 678]]

 [[601 678]]

 [[606 683]]

 [[606 684]]

 [[607 684]]

 [[606 683]]

 [[606 682]]

 [[602 678]]

 [[601 678]]

 [[599 676]]]
[[[597 679]]

 [[597 677]]

 [[598 676]]

 [[600 678]]

 [[598 680]]]
[[[ 975  672]]

 [[ 977  674]]

 [[ 979  674]]

 [[ 981  676]]

 [[ 982  676]]

 [[ 983  677]]

 [[ 984  677]]

 [[ 985  678]]

 [[ 986  678]]

 [[ 987  679]]

 [[ 988  679]]

 [[ 989  680]]

 [[ 990  680]]

 [[ 991  681]]

 [[ 992  681]]

 [[ 993  682]]

 [[ 994  682]]

 [[ 996  684]]

 [[ 997  684]]

 [[ 998  685]]

 [[ 999  685]]

 [[1000  686]]

 [[1001  686]]

 [[1002  687]]

 [[1003  687]]

 [[1005  689]]

 [[1006  689]]

 [[1007  690]]

 [[1008  690]]

 [[1009  691]]

 [[1010  691]]

 [[1011  692]]

 [[1012  692]]

 [[1013  693]]

 [[1015  693]]

 [[1014  693]]

 [[1013  692]]

 [[1012  692]]

 [[1011  691]]

 [[1010  691]]

 [[1009  690]]

 [[1008  690]]

 [[1007  689]]

 [[1006  689]]

 [[1004  687]]

 [[1003  687]]

 [[1002  686]]

 [[1001  686]]

 [[1000  685]]

 [[ 999  685]]

 [[ 998  684]]

 [[ 997  684]]

 [[ 995  682]]

 [[ 994  682]]

 [[ 993  681]]

 [[ 992  681]]

 [[ 991  680]]

 [[ 990  680]]

 [[ 989  679]]

 [[ 988  679]]

 [[ 987  678]]

 [[ 986  678]]

 [[ 985  677]]

 [[ 984  677]]

 [[ 983  676]]

 [[ 982  676]]

 [[ 980  674]]

 [[ 977  674]]]
[[[ 27 672]]]
[[[584 669]]

 [[582 669]]

 [[582 671]]

 [[580 673]]

 [[579 673]]

 [[580 673]]

 [[581 674]]

 [[581 675]]

 [[581 674]]

 [[580 673]]

 [[581 672]]

 [[584 672]]]
[[[582 670]]

 [[583 669]]

 [[584 670]]

 [[584 671]]

 [[583 672]]

 [[582 671]]]
[[[193 652]]

 [[190 651]]

 [[106 728]]

 [[106 732]]

 [[127 759]]

 [[125 755]]

 [[121 751]]

 [[116 743]]

 [[106 731]]

 [[106 729]]

 [[191 651]]

 [[197 657]]

 [[201 663]]

 [[207 669]]

 [[214 679]]

 [[225 692]]

 [[225 694]]

 [[216 703]]

 [[215 703]]

 [[179 736]]

 [[178 736]]

 [[168 746]]

 [[167 746]]

 [[157 756]]

 [[156 756]]

 [[154 759]]

 [[225 695]]

 [[225 691]]]
[[[533 639]]

 [[533 643]]

 [[534 644]]

 [[534 645]]

 [[535 646]]

 [[536 646]]

 [[539 649]]

 [[540 649]]

 [[543 652]]

 [[544 652]]

 [[546 654]]

 [[546 655]]

 [[547 655]]

 [[551 659]]

 [[552 659]]

 [[555 662]]

 [[556 662]]

 [[558 664]]

 [[559 664]]

 [[563 668]]

 [[564 668]]

 [[567 671]]

 [[568 671]]

 [[570 673]]

 [[571 673]]

 [[574 676]]

 [[574 675]]

 [[572 673]]

 [[571 673]]

 [[569 671]]

 [[570 670]]

 [[570 669]]

 [[570 670]]

 [[569 671]]

 [[568 671]]

 [[566 669]]

 [[565 669]]

 [[562 666]]

 [[561 666]]

 [[558 663]]

 [[557 663]]

 [[554 660]]

 [[553 660]]

 [[549 656]]

 [[548 656]]

 [[541 649]]

 [[540 649]]

 [[537 646]]

 [[536 646]]

 [[533 643]]]
[[[498 641]]

 [[493 647]]

 [[491 652]]

 [[491 677]]

 [[490 678]]

 [[491 702]]

 [[530 733]]

 [[538 741]]

 [[549 749]]

 [[560 759]]

 [[561 758]]

 [[556 755]]

 [[514 719]]

 [[509 716]]

 [[491 701]]

 [[491 690]]

 [[490 689]]

 [[491 652]]

 [[495 645]]

 [[500 640]]

 [[516 639]]

 [[517 638]]

 [[522 638]]

 [[528 636]]

 [[535 637]]

 [[546 646]]

 [[546 650]]

 [[557 658]]

 [[561 662]]

 [[569 667]]

 [[549 652]]

 [[546 649]]

 [[547 647]]

 [[550 648]]

 [[568 662]]

 [[577 671]]

 [[577 677]]

 [[594 693]]

 [[603 698]]

 [[618 710]]

 [[608 701]]

 [[598 694]]

 [[595 693]]

 [[592 690]]

 [[594 688]]

 [[597 688]]

 [[597 687]]

 [[596 688]]

 [[593 687]]

 [[594 688]]

 [[592 690]]

 [[590 689]]

 [[577 676]]

 [[577 670]]

 [[571 664]]

 [[534 636]]

 [[528 636]]

 [[522 638]]

 [[509 639]]

 [[508 640]]

 [[500 640]]]
[[[516 635]]

 [[514 635]]

 [[513 636]]

 [[500 636]]

 [[499 637]]

 [[497 637]]

 [[496 638]]

 [[495 638]]

 [[495 639]]

 [[492 642]]

 [[492 643]]

 [[491 644]]

 [[491 646]]

 [[490 647]]

 [[490 648]]

 [[490 647]]

 [[491 646]]

 [[491 644]]

 [[495 640]]

 [[495 639]]

 [[496 638]]

 [[497 638]]

 [[498 637]]

 [[499 637]]

 [[500 636]]

 [[513 636]]

 [[514 635]]]
[[[152 603]]

 [[151 603]]

 [[148 606]]

 [[147 606]]

 [[141 612]]

 [[140 612]]

 [[129 623]]

 [[128 623]]

 [[117 634]]

 [[116 634]]

 [[104 646]]

 [[103 646]]

 [[ 93 656]]

 [[ 92 656]]

 [[ 82 666]]

 [[ 81 666]]

 [[ 67 680]]

 [[ 67 681]]

 [[ 68 682]]

 [[ 69 685]]

 [[ 77 694]]

 [[ 77 695]]

 [[ 79 697]]

 [[ 79 698]]

 [[ 87 707]]

 [[ 87 708]]

 [[ 90 711]]

 [[ 90 712]]

 [[ 94 716]]

 [[ 94 717]]

 [[ 98 721]]

 [[ 98 722]]

 [[ 99 722]]

 [[100 723]]

 [[101 723]]

 [[106 718]]

 [[107 718]]

 [[115 710]]

 [[116 710]]

 [[128 698]]

 [[129 698]]

 [[137 690]]

 [[138 690]]

 [[148 680]]

 [[149 680]]

 [[161 668]]

 [[162 668]]

 [[172 658]]

 [[173 658]]

 [[185 646]]

 [[186 646]]

 [[186 643]]

 [[184 641]]

 [[184 640]]

 [[179 635]]

 [[179 634]]

 [[175 630]]

 [[175 629]]

 [[170 624]]

 [[170 623]]

 [[162 614]]

 [[162 613]]

 [[159 610]]

 [[159 609]]

 [[154 604]]

 [[153 604]]]
[[[152 603]]

 [[159 610]]

 [[159 611]]

 [[163 615]]

 [[163 616]]

 [[166 619]]

 [[166 620]]

 [[170 624]]

 [[170 625]]

 [[175 630]]

 [[175 631]]

 [[179 635]]

 [[179 636]]

 [[184 641]]

 [[184 642]]

 [[186 644]]

 [[186 645]]

 [[185 646]]

 [[184 646]]

 [[172 658]]

 [[171 658]]

 [[161 668]]

 [[160 668]]

 [[148 680]]

 [[147 680]]

 [[137 690]]

 [[136 690]]

 [[128 698]]

 [[127 698]]

 [[115 710]]

 [[114 710]]

 [[106 718]]

 [[105 718]]

 [[100 723]]

 [[ 98 721]]

 [[ 98 720]]

 [[ 94 716]]

 [[ 94 715]]

 [[ 90 711]]

 [[ 90 710]]

 [[ 87 707]]

 [[ 87 706]]

 [[ 83 702]]

 [[ 83 701]]

 [[ 79 697]]

 [[ 79 696]]

 [[ 76 693]]

 [[ 76 692]]

 [[ 73 689]]

 [[ 73 688]]

 [[ 69 684]]

 [[ 69 683]]

 [[ 67 681]]

 [[ 82 666]]

 [[ 83 666]]

 [[ 93 656]]

 [[ 94 656]]

 [[104 646]]

 [[105 646]]

 [[117 634]]

 [[118 634]]

 [[129 623]]

 [[130 623]]

 [[141 612]]

 [[142 612]]

 [[148 606]]

 [[149 606]]]
[[[146 644]]

 [[142 644]]

 [[141 645]]

 [[140 645]]

 [[139 646]]

 [[138 646]]

 [[135 649]]

 [[134 649]]

 [[132 651]]

 [[131 651]]

 [[129 653]]

 [[129 657]]

 [[131 659]]

 [[131 660]]

 [[133 662]]

 [[133 663]]

 [[137 663]]

 [[139 661]]

 [[140 661]]

 [[142 659]]

 [[143 659]]

 [[145 657]]

 [[146 657]]

 [[148 655]]

 [[149 655]]

 [[151 653]]

 [[151 651]]

 [[150 650]]

 [[150 649]]

 [[148 647]]

 [[148 646]]]
[[[145 644]]

 [[148 647]]

 [[148 648]]

 [[151 651]]

 [[151 652]]

 [[148 655]]

 [[147 655]]

 [[145 657]]

 [[144 657]]

 [[142 659]]

 [[141 659]]

 [[139 661]]

 [[138 661]]

 [[136 663]]

 [[134 663]]

 [[133 662]]

 [[133 661]]

 [[131 659]]

 [[131 658]]

 [[129 656]]

 [[129 654]]

 [[132 651]]

 [[133 651]]

 [[135 649]]

 [[136 649]]

 [[139 646]]

 [[140 646]]

 [[141 645]]

 [[142 645]]

 [[143 644]]]
[[[832 549]]

 [[832 552]]

 [[833 553]]

 [[833 554]]

 [[834 555]]

 [[835 554]]

 [[837 554]]

 [[836 553]]

 [[836 551]]

 [[834 549]]]
[[[832 550]]

 [[833 549]]

 [[836 552]]

 [[836 553]]

 [[835 554]]

 [[834 554]]

 [[833 553]]

 [[833 552]]

 [[832 551]]]
[[[548 413]]

 [[547 412]]

 [[547 413]]

 [[546 414]]

 [[545 414]]

 [[532 427]]

 [[531 427]]

 [[519 439]]

 [[518 439]]

 [[505 452]]

 [[504 452]]

 [[498 458]]

 [[498 459]]

 [[496 461]]

 [[495 461]]

 [[491 465]]

 [[490 465]]

 [[485 470]]

 [[475 460]]

 [[475 459]]

 [[466 450]]

 [[466 449]]

 [[454 437]]

 [[454 436]]

 [[446 428]]

 [[446 427]]

 [[442 423]]

 [[441 423]]

 [[446 428]]

 [[446 429]]

 [[454 437]]

 [[454 438]]

 [[466 450]]

 [[466 451]]

 [[475 460]]

 [[475 461]]

 [[484 470]]

 [[486 470]]

 [[491 465]]

 [[492 465]]

 [[496 461]]

 [[497 461]]

 [[497 460]]

 [[506 451]]

 [[507 451]]

 [[519 439]]

 [[520 439]]

 [[532 427]]

 [[533 427]]

 [[547 413]]]
[[[553 408]]

 [[550 412]]

 [[553 417]]

 [[549 421]]

 [[552 427]]

 [[558 429]]

 [[562 426]]

 [[785 669]]

 [[781 673]]

 [[785 681]]

 [[790 686]]

 [[797 682]]

 [[803 688]]

 [[808 687]]

 [[809 682]]

 [[803 676]]

 [[809 683]]

 [[805 688]]

 [[798 682]]

 [[790 685]]

 [[781 675]]

 [[785 669]]

 [[788 670]]

 [[689 565]]

 [[563 426]]

 [[557 429]]

 [[549 422]]

 [[553 415]]

 [[550 412]]

 [[554 408]]

 [[559 411]]

 [[565 408]]

 [[571 414]]

 [[568 419]]

 [[569 423]]

 [[792 666]]

 [[794 668]]

 [[791 663]]

 [[796 659]]

 [[807 670]]

 [[803 674]]

 [[807 672]]

 [[807 669]]

 [[796 659]]

 [[791 663]]

 [[640 500]]

 [[569 422]]

 [[572 414]]

 [[566 408]]

 [[560 411]]]
[[[353 404]]

 [[353 407]]

 [[355 407]]

 [[355 404]]]
[[[353 405]]

 [[354 404]]

 [[355 405]]

 [[355 406]]

 [[354 407]]

 [[353 406]]]
[[[ 59 384]]

 [[  0 379]]

 [[ 58 384]]

 [[ 60 387]]

 [[ 58 406]]

 [[ 57 407]]

 [[ 57 416]]

 [[ 55 424]]

 [[ 54 442]]

 [[ 52 446]]

 [[ 50 476]]

 [[ 49 477]]

 [[ 48 491]]

 [[ 45 505]]

 [[ 45 516]]

 [[ 44 517]]

 [[ 41 548]]

 [[ 39 556]]

 [[ 39 567]]

 [[ 38 568]]

 [[ 37 583]]

 [[ 35 590]]

 [[ 35 601]]

 [[ 31 618]]

 [[ 32 625]]

 [[ 29 639]]

 [[ 29 649]]

 [[ 27 653]]

 [[ 28 661]]

 [[ 24 671]]

 [[ 24 677]]

 [[ 19 681]]

 [[ 17 681]]

 [[  0 690]]

 [[  2 690]]

 [[ 24 678]]

 [[ 24 671]]

 [[ 28 661]]

 [[ 27 653]]

 [[ 29 649]]

 [[ 29 639]]

 [[ 32 625]]

 [[ 31 618]]

 [[ 35 601]]

 [[ 35 590]]

 [[ 36 589]]

 [[ 37 576]]

 [[ 38 575]]

 [[ 37 574]]

 [[ 39 567]]

 [[ 39 556]]

 [[ 40 555]]

 [[ 43 524]]

 [[ 45 516]]

 [[ 45 505]]

 [[ 46 504]]

 [[ 46 498]]

 [[ 47 497]]

 [[ 48 484]]

 [[ 50 476]]

 [[ 50 468]]

 [[ 51 467]]

 [[ 52 446]]

 [[ 54 442]]

 [[ 54 435]]

 [[ 55 434]]

 [[ 55 424]]

 [[ 56 423]]

 [[ 57 407]]

 [[ 58 406]]

 [[ 59 391]]

 [[ 60 390]]

 [[ 59 386]]

 [[ 60 385]]]
[[[ 63 378]]

 [[ 64 379]]

 [[ 64 383]]

 [[ 63 384]]

 [[ 63 385]]

 [[ 63 384]]

 [[ 64 383]]

 [[ 64 379]]]
[[[747 338]]

 [[743 342]]

 [[742 342]]

 [[738 346]]

 [[738 349]]

 [[739 350]]

 [[739 351]]

 [[747 359]]

 [[750 359]]

 [[755 354]]

 [[756 354]]

 [[759 351]]

 [[759 348]]

 [[758 347]]

 [[758 346]]

 [[750 338]]]
[[[748 338]]

 [[749 338]]

 [[758 347]]

 [[758 348]]

 [[759 349]]

 [[759 350]]

 [[755 354]]

 [[754 354]]

 [[749 359]]

 [[748 359]]

 [[739 350]]

 [[739 349]]

 [[738 348]]

 [[738 347]]

 [[743 342]]

 [[744 342]]]
[[[1008  332]]

 [[1010  334]]

 [[1015  334]]

 [[1012  334]]

 [[1011  333]]

 [[1009  333]]]
[[[1015  328]]

 [[1011  328]]

 [[1010  329]]

 [[1007  329]]

 [[1006  330]]

 [[1002  330]]

 [[1001  331]]

 [[ 997  331]]

 [[ 996  332]]

 [[ 992  332]]

 [[ 991  333]]

 [[ 987  333]]

 [[ 986  334]]

 [[ 984  334]]

 [[ 987  334]]

 [[ 988  333]]

 [[ 991  333]]

 [[ 992  332]]

 [[ 997  332]]

 [[ 998  331]]

 [[1001  331]]

 [[1002  330]]

 [[1007  330]]

 [[1008  329]]

 [[1010  329]]

 [[1011  328]]]
[[[652 312]]

 [[650 312]]

 [[650 314]]

 [[651 315]]

 [[652 314]]]
[[[650 313]]

 [[651 312]]

 [[652 313]]

 [[652 314]]

 [[651 315]]

 [[650 314]]]
[[[1015  313]]

 [[1014  313]]

 [[1013  314]]

 [[1009  314]]

 [[1008  313]]

 [[1009  312]]

 [[1009  309]]

 [[1010  308]]

 [[1009  309]]

 [[1009  312]]

 [[1008  313]]

 [[1008  314]]

 [[1007  315]]

 [[1006  315]]

 [[1005  316]]

 [[1001  316]]

 [[1000  317]]

 [[ 998  317]]

 [[ 997  318]]

 [[ 993  318]]

 [[ 992  319]]

 [[ 990  319]]

 [[ 989  320]]

 [[ 986  320]]

 [[ 985  321]]

 [[ 982  321]]

 [[ 981  322]]

 [[ 976  322]]

 [[ 975  323]]

 [[ 971  323]]

 [[ 970  324]]

 [[ 970  325]]

 [[ 969  326]]

 [[ 969  331]]

 [[ 968  332]]

 [[ 969  333]]

 [[ 969  335]]

 [[ 970  336]]

 [[ 970  335]]

 [[ 969  334]]

 [[ 969  326]]

 [[ 972  323]]

 [[ 975  323]]

 [[ 976  322]]

 [[ 981  322]]

 [[ 982  321]]

 [[ 985  321]]

 [[ 986  320]]

 [[ 989  320]]

 [[ 990  319]]

 [[ 992  319]]

 [[ 993  318]]

 [[ 997  318]]

 [[ 998  317]]

 [[1000  317]]

 [[1001  316]]

 [[1005  316]]

 [[1006  315]]

 [[1007  315]]

 [[1008  314]]

 [[1013  314]]

 [[1014  313]]]
[[[835 260]]

 [[831 260]]

 [[830 261]]

 [[829 261]]

 [[822 268]]

 [[822 269]]

 [[823 270]]

 [[823 272]]

 [[824 273]]

 [[825 273]]

 [[831 279]]

 [[832 279]]

 [[833 280]]

 [[834 279]]

 [[836 279]]

 [[843 272]]

 [[843 270]]

 [[844 269]]]
[[[832 260]]

 [[834 260]]

 [[843 269]]

 [[843 271]]

 [[835 279]]

 [[834 279]]

 [[833 280]]

 [[826 273]]

 [[825 273]]

 [[823 271]]

 [[823 270]]

 [[822 269]]

 [[830 261]]

 [[831 261]]]
[[[564 294]]

 [[562 292]]

 [[562 291]]

 [[547 276]]

 [[547 275]]

 [[525 253]]

 [[525 252]]

 [[520 247]]

 [[519 248]]

 [[518 248]]

 [[515 251]]

 [[514 251]]

 [[512 254]]

 [[511 254]]

 [[506 259]]

 [[505 259]]

 [[504 260]]

 [[504 261]]

 [[501 264]]

 [[500 264]]

 [[493 271]]

 [[492 271]]

 [[483 280]]

 [[482 280]]

 [[474 288]]

 [[473 288]]

 [[461 300]]

 [[460 300]]

 [[460 301]]

 [[461 300]]

 [[462 300]]

 [[474 288]]

 [[475 288]]

 [[483 280]]

 [[484 280]]

 [[493 271]]

 [[494 271]]

 [[501 264]]

 [[502 264]]

 [[504 262]]

 [[504 261]]

 [[506 259]]

 [[507 259]]

 [[512 254]]

 [[513 254]]

 [[513 253]]

 [[515 251]]

 [[516 251]]

 [[519 248]]

 [[520 248]]

 [[525 253]]

 [[525 254]]

 [[548 277]]

 [[548 278]]]
[[[ 55 201]]

 [[ 58 201]]

 [[ 59 202]]

 [[ 64 202]]

 [[ 65 203]]

 [[ 69 203]]

 [[ 70 204]]

 [[ 75 204]]

 [[ 76 205]]

 [[ 78 205]]

 [[ 80 207]]

 [[ 80 209]]

 [[ 80 206]]

 [[ 79 205]]

 [[ 76 205]]

 [[ 75 204]]

 [[ 70 204]]

 [[ 69 203]]

 [[ 65 203]]

 [[ 64 202]]

 [[ 59 202]]

 [[ 58 201]]]
[[[ 44 201]]

 [[ 44 202]]

 [[ 45 202]]

 [[ 46 203]]

 [[ 49 203]]

 [[ 50 204]]

 [[ 56 204]]

 [[ 57 205]]

 [[ 62 205]]

 [[ 63 206]]

 [[ 65 206]]

 [[ 66 207]]

 [[ 68 207]]

 [[ 70 209]]

 [[ 70 210]]

 [[ 71 210]]

 [[ 73 212]]

 [[ 74 212]]

 [[ 75 213]]

 [[ 77 213]]

 [[ 78 214]]

 [[ 79 213]]

 [[ 78 214]]

 [[ 77 213]]

 [[ 76 213]]

 [[ 75 212]]

 [[ 74 212]]

 [[ 72 210]]

 [[ 71 210]]

 [[ 70 209]]

 [[ 70 208]]

 [[ 69 207]]

 [[ 67 207]]

 [[ 66 206]]

 [[ 63 206]]

 [[ 62 205]]

 [[ 57 205]]

 [[ 56 204]]

 [[ 50 204]]

 [[ 49 203]]

 [[ 47 203]]

 [[ 46 202]]

 [[ 45 202]]]
[[[972 200]]

 [[972 202]]

 [[973 203]]

 [[973 204]]

 [[973 203]]

 [[972 202]]]
[[[753 192]]

 [[751 192]]

 [[744 199]]

 [[743 199]]

 [[719 222]]

 [[718 222]]

 [[709 231]]

 [[708 231]]

 [[698 241]]

 [[697 241]]

 [[688 250]]

 [[687 250]]

 [[677 260]]

 [[676 260]]

 [[674 262]]

 [[674 265]]

 [[699 291]]

 [[699 292]]

 [[718 311]]

 [[718 312]]

 [[733 327]]

 [[733 328]]

 [[740 335]]

 [[743 334]]

 [[749 329]]

 [[755 335]]

 [[757 335]]

 [[759 333]]

 [[760 333]]

 [[770 323]]

 [[771 323]]

 [[785 309]]

 [[786 309]]

 [[796 299]]

 [[797 299]]

 [[812 284]]

 [[813 284]]

 [[820 277]]

 [[820 275]]

 [[814 270]]

 [[814 268]]

 [[819 263]]

 [[820 263]]

 [[820 262]]

 [[819 261]]

 [[820 260]]

 [[815 255]]

 [[814 255]]

 [[812 253]]

 [[812 252]]]
[[[752 192]]

 [[812 253]]

 [[812 254]]

 [[813 255]]

 [[814 255]]

 [[819 260]]

 [[819 261]]

 [[820 262]]

 [[819 263]]

 [[818 263]]

 [[813 268]]

 [[814 269]]

 [[813 270]]

 [[820 276]]

 [[796 299]]

 [[795 299]]

 [[785 309]]

 [[784 309]]

 [[770 323]]

 [[769 323]]

 [[759 333]]

 [[758 333]]

 [[756 335]]

 [[750 329]]

 [[749 329]]

 [[745 332]]

 [[744 332]]

 [[741 335]]

 [[733 327]]

 [[733 326]]

 [[718 311]]

 [[718 310]]

 [[684 275]]

 [[684 274]]

 [[674 264]]

 [[674 263]]

 [[677 260]]

 [[678 260]]

 [[688 250]]

 [[689 250]]

 [[698 241]]

 [[699 241]]

 [[709 231]]

 [[710 231]]

 [[720 221]]

 [[721 221]]

 [[734 208]]

 [[735 208]]]
[[[  0 192]]

 [[  9 197]]

 [[ 14 198]]

 [[ 20 202]]

 [[ 22 202]]

 [[ 45 213]]

 [[ 50 214]]

 [[ 52 216]]

 [[ 54 216]]

 [[ 61 220]]

 [[ 63 220]]

 [[ 70 224]]

 [[ 72 224]]

 [[ 77 228]]

 [[ 77 230]]

 [[ 78 231]]

 [[ 79 237]]

 [[ 77 239]]

 [[ 76 259]]

 [[ 74 263]]

 [[ 74 277]]

 [[ 72 281]]

 [[ 71 298]]

 [[ 70 299]]

 [[ 69 311]]

 [[ 68 312]]

 [[ 67 332]]

 [[ 66 333]]

 [[ 66 338]]

 [[ 65 339]]

 [[ 65 349]]

 [[ 64 350]]

 [[ 64 356]]

 [[ 63 357]]

 [[ 62 375]]

 [[ 60 377]]

 [[ 50 377]]

 [[ 49 376]]

 [[ 31 375]]

 [[ 30 374]]

 [[ 21 374]]

 [[ 20 373]]

 [[ 12 373]]

 [[ 11 372]]

 [[  2 372]]

 [[  0 371]]

 [[  2 372]]

 [[ 20 373]]

 [[ 21 374]]

 [[ 30 374]]

 [[ 31 375]]

 [[ 49 376]]

 [[ 50 377]]

 [[ 61 377]]

 [[ 62 375]]

 [[ 62 367]]

 [[ 63 366]]

 [[ 63 357]]

 [[ 64 356]]

 [[ 64 350]]

 [[ 65 349]]

 [[ 65 339]]

 [[ 66 338]]

 [[ 66 333]]

 [[ 67 332]]

 [[ 67 321]]

 [[ 68 320]]

 [[ 69 304]]

 [[ 70 303]]

 [[ 70 299]]

 [[ 71 298]]

 [[ 72 281]]

 [[ 74 277]]

 [[ 74 263]]

 [[ 76 259]]

 [[ 77 239]]

 [[ 79 237]]

 [[ 79 235]]

 [[ 80 234]]

 [[ 79 235]]

 [[ 78 234]]

 [[ 77 227]]

 [[ 73 224]]

 [[ 71 224]]

 [[ 55 216]]

 [[ 53 216]]

 [[ 50 214]]

 [[ 43 212]]

 [[ 41 210]]

 [[ 34 208]]

 [[ 32 206]]

 [[ 25 204]]

 [[ 12 197]]

 [[ 10 197]]

 [[  6 195]]

 [[  4 193]]]
[[[  0 189]]

 [[  3 189]]

 [[  4 190]]

 [[ 11 190]]

 [[ 12 191]]

 [[ 15 191]]

 [[ 16 192]]

 [[ 18 192]]

 [[ 19 193]]

 [[ 22 193]]

 [[ 23 194]]

 [[ 30 194]]

 [[ 31 195]]

 [[ 39 195]]

 [[ 40 196]]

 [[ 47 196]]

 [[ 48 197]]

 [[ 54 197]]

 [[ 55 198]]

 [[ 62 198]]

 [[ 63 199]]

 [[ 69 199]]

 [[ 70 200]]

 [[ 77 200]]

 [[ 78 201]]

 [[ 79 201]]

 [[ 80 200]]

 [[ 81 200]]

 [[ 81 199]]

 [[ 79 201]]

 [[ 78 201]]

 [[ 77 200]]

 [[ 70 200]]

 [[ 69 199]]

 [[ 63 199]]

 [[ 62 198]]

 [[ 55 198]]

 [[ 54 197]]

 [[ 48 197]]

 [[ 47 196]]

 [[ 40 196]]

 [[ 39 195]]

 [[ 31 195]]

 [[ 30 194]]

 [[ 23 194]]

 [[ 22 193]]

 [[ 19 193]]

 [[ 18 192]]

 [[ 16 192]]

 [[ 15 191]]

 [[ 12 191]]

 [[ 11 190]]

 [[  4 190]]

 [[  3 189]]]
[[[753 183]]

 [[751 183]]

 [[713 218]]

 [[752 183]]

 [[824 256]]

 [[827 256]]

 [[832 251]]

 [[834 251]]

 [[852 271]]

 [[834 288]]

 [[826 281]]

 [[819 286]]

 [[762 339]]

 [[761 342]]

 [[768 350]]

 [[750 367]]

 [[748 367]]

 [[729 347]]

 [[735 341]]

 [[735 338]]

 [[665 264]]

 [[665 262]]

 [[704 226]]

 [[664 262]]

 [[664 264]]

 [[735 339]]

 [[729 347]]

 [[747 367]]

 [[751 367]]

 [[768 351]]

 [[768 348]]

 [[762 342]]

 [[762 340]]

 [[820 286]]

 [[826 282]]

 [[832 288]]

 [[835 288]]

 [[853 272]]

 [[852 269]]

 [[835 251]]

 [[832 250]]

 [[825 256]]]
[[[1015  178]]

 [[1013  178]]

 [[1012  179]]

 [[1011  179]]

 [[1010  180]]

 [[1009  180]]

 [[1008  181]]

 [[1007  181]]

 [[1006  182]]

 [[1005  182]]

 [[1004  183]]

 [[1003  183]]

 [[1002  184]]

 [[1001  184]]

 [[ 999  186]]

 [[ 998  186]]

 [[ 995  189]]

 [[ 994  189]]

 [[ 992  191]]

 [[ 991  191]]

 [[ 990  192]]

 [[ 988  192]]

 [[ 986  194]]

 [[ 985  194]]

 [[ 982  197]]

 [[ 980  197]]

 [[ 979  198]]

 [[ 977  198]]

 [[ 976  199]]

 [[ 975  199]]

 [[ 977  199]]

 [[ 978  198]]

 [[ 980  198]]

 [[ 981  197]]

 [[ 982  197]]

 [[ 983  198]]

 [[ 983  199]]

 [[ 984  200]]

 [[ 984  205]]

 [[ 982  207]]

 [[ 975  207]]

 [[ 983  207]]

 [[ 984  206]]

 [[ 984  200]]

 [[ 983  199]]

 [[ 983  197]]

 [[ 986  194]]

 [[ 987  194]]

 [[ 989  192]]

 [[ 991  192]]

 [[ 992  191]]

 [[ 993  191]]

 [[ 995  189]]

 [[ 996  189]]

 [[ 999  186]]

 [[1000  186]]

 [[1002  184]]

 [[1003  184]]

 [[1004  183]]

 [[1005  183]]

 [[1006  182]]

 [[1007  182]]

 [[1008  181]]

 [[1009  181]]

 [[1010  180]]

 [[1011  180]]

 [[1012  179]]

 [[1013  179]]

 [[1014  178]]]
[[[948 163]]

 [[945 170]]

 [[946 245]]

 [[948 250]]

 [[948 337]]

 [[951 444]]

 [[953 461]]

 [[952 483]]

 [[954 504]]

 [[954 544]]

 [[959 650]]

 [[959 691]]

 [[962 717]]

 [[961 731]]

 [[980 754]]

 [[961 731]]

 [[962 717]]

 [[959 691]]

 [[959 650]]

 [[954 544]]

 [[954 504]]

 [[952 483]]

 [[953 461]]

 [[951 444]]

 [[948 337]]

 [[948 250]]

 [[946 245]]

 [[945 170]]]
[[[1015  161]]

 [[1013  161]]

 [[1011  163]]

 [[1010  163]]

 [[1009  164]]

 [[1008  164]]

 [[1007  165]]

 [[1006  165]]

 [[1004  167]]

 [[1003  167]]

 [[1002  168]]

 [[1001  168]]

 [[1000  169]]

 [[ 999  169]]

 [[ 998  170]]

 [[ 997  170]]

 [[ 996  171]]

 [[ 995  171]]

 [[ 993  173]]

 [[ 992  173]]

 [[ 991  174]]

 [[ 990  174]]

 [[ 989  175]]

 [[ 988  175]]

 [[ 987  176]]

 [[ 986  176]]

 [[ 985  177]]

 [[ 984  177]]

 [[ 982  179]]

 [[ 981  179]]

 [[ 980  180]]

 [[ 979  180]]

 [[ 978  181]]

 [[ 977  181]]

 [[ 976  182]]

 [[ 975  182]]

 [[ 973  184]]

 [[ 972  184]]

 [[ 971  185]]

 [[ 970  185]]

 [[ 968  187]]

 [[ 966  187]]

 [[ 965  188]]

 [[ 963  188]]

 [[ 962  189]]

 [[ 961  189]]

 [[ 960  190]]

 [[ 959  190]]

 [[ 957  192]]

 [[ 956  192]]

 [[ 958  192]]

 [[ 960  190]]

 [[ 961  190]]

 [[ 963  188]]

 [[ 966  188]]

 [[ 967  187]]

 [[ 968  187]]

 [[ 969  186]]

 [[ 972  189]]

 [[ 972  191]]

 [[ 973  192]]

 [[ 973  193]]

 [[ 972  194]]

 [[ 972  196]]

 [[ 973  197]]

 [[ 973  198]]

 [[ 973  197]]

 [[ 972  196]]

 [[ 972  194]]

 [[ 974  192]]

 [[ 977  192]]

 [[ 978  191]]

 [[ 980  191]]

 [[ 983  188]]

 [[ 984  188]]

 [[ 985  187]]

 [[ 986  187]]

 [[ 988  185]]

 [[ 989  185]]

 [[ 990  184]]

 [[ 991  184]]

 [[ 992  183]]

 [[ 993  183]]

 [[ 994  182]]

 [[ 995  182]]

 [[ 994  182]]

 [[ 993  183]]

 [[ 991  183]]

 [[ 990  184]]

 [[ 989  184]]

 [[ 987  186]]

 [[ 986  186]]

 [[ 984  188]]

 [[ 983  188]]

 [[ 982  189]]

 [[ 981  189]]

 [[ 979  191]]

 [[ 978  191]]

 [[ 977  192]]

 [[ 973  192]]

 [[ 972  191]]

 [[ 972  189]]

 [[ 970  187]]

 [[ 970  186]]

 [[ 971  185]]

 [[ 972  185]]

 [[ 974  183]]

 [[ 975  183]]

 [[ 976  182]]

 [[ 977  182]]

 [[ 978  181]]

 [[ 979  181]]

 [[ 980  180]]

 [[ 981  180]]

 [[ 982  179]]

 [[ 983  179]]

 [[ 985  177]]

 [[ 986  177]]

 [[ 987  176]]

 [[ 988  176]]

 [[ 989  175]]

 [[ 990  175]]

 [[ 991  174]]

 [[ 992  174]]

 [[ 993  173]]

 [[ 994  173]]

 [[ 996  171]]

 [[ 997  171]]

 [[ 998  170]]

 [[ 999  170]]

 [[1000  169]]

 [[1001  169]]

 [[1002  168]]

 [[1003  168]]

 [[1004  167]]

 [[1005  167]]

 [[1007  165]]

 [[1008  165]]

 [[1009  164]]

 [[1010  164]]

 [[1011  163]]

 [[1012  163]]

 [[1014  161]]]
[[[535 118]]

 [[534 119]]

 [[533 119]]

 [[528 124]]

 [[527 124]]

 [[526 125]]

 [[526 130]]

 [[534 138]]

 [[535 138]]

 [[536 137]]

 [[537 138]]

 [[545 130]]

 [[545 129]]

 [[546 128]]

 [[545 127]]

 [[545 126]]

 [[538 119]]

 [[537 119]]

 [[536 118]]]
[[[536 118]]

 [[546 128]]

 [[537 137]]

 [[536 137]]

 [[535 138]]

 [[526 129]]

 [[526 126]]

 [[528 124]]

 [[529 124]]

 [[535 118]]]
[[[  9 117]]

 [[  9 121]]

 [[  8 122]]

 [[  8 127]]

 [[  7 128]]

 [[  7 130]]

 [[  6 131]]

 [[  6 133]]

 [[  5 134]]

 [[  5 138]]

 [[  4 139]]

 [[  5 140]]

 [[  5 144]]

 [[  3 146]]

 [[  3 148]]

 [[  2 149]]

 [[  2 160]]

 [[  1 161]]

 [[  1 167]]

 [[  1 161]]

 [[  2 160]]

 [[  2 149]]

 [[  3 148]]

 [[  3 146]]

 [[  5 144]]

 [[  5 140]]

 [[  4 139]]

 [[  5 138]]

 [[  5 134]]

 [[  6 133]]

 [[  6 131]]

 [[  7 130]]

 [[  7 128]]

 [[  8 127]]

 [[  8 122]]

 [[  9 121]]]
[[[ 94 107]]

 [[ 95 108]]

 [[ 95 113]]

 [[ 94 114]]

 [[ 94 124]]

 [[ 93 125]]

 [[ 93 129]]

 [[ 92 130]]

 [[ 92 140]]

 [[ 91 141]]

 [[ 91 147]]

 [[ 90 148]]

 [[ 90 157]]

 [[ 89 158]]

 [[ 89 163]]

 [[ 88 164]]

 [[ 88 176]]

 [[ 87 177]]

 [[ 87 182]]

 [[ 86 183]]

 [[ 86 190]]

 [[ 85 191]]

 [[ 85 201]]

 [[ 84 202]]

 [[ 85 203]]

 [[ 85 204]]

 [[ 84 205]]

 [[ 84 209]]

 [[ 83 210]]

 [[ 83 218]]

 [[ 82 219]]

 [[ 82 227]]

 [[ 81 228]]

 [[ 81 231]]

 [[ 80 232]]

 [[ 81 231]]

 [[ 81 228]]

 [[ 82 227]]

 [[ 82 219]]

 [[ 83 218]]

 [[ 83 210]]

 [[ 84 209]]

 [[ 84 205]]

 [[ 85 204]]

 [[ 85 203]]

 [[ 84 202]]

 [[ 85 201]]

 [[ 85 191]]

 [[ 86 190]]

 [[ 86 183]]

 [[ 87 182]]

 [[ 87 177]]

 [[ 88 176]]

 [[ 88 164]]

 [[ 89 163]]

 [[ 89 158]]

 [[ 90 157]]

 [[ 90 148]]

 [[ 91 147]]

 [[ 91 141]]

 [[ 92 140]]

 [[ 92 130]]

 [[ 93 129]]

 [[ 93 125]]

 [[ 94 124]]

 [[ 94 114]]

 [[ 95 113]]

 [[ 95 108]]]
[[[947  92]]

 [[946  93]]

 [[946  94]]

 [[944  96]]

 [[944  99]]

 [[943 100]]

 [[944 101]]

 [[944 110]]

 [[945 111]]

 [[944 112]]

 [[944 114]]

 [[945 115]]

 [[945 121]]

 [[944 122]]

 [[944 125]]

 [[945 126]]

 [[945 130]]

 [[944 131]]

 [[944 132]]

 [[945 133]]

 [[945 139]]

 [[944 140]]

 [[944 142]]

 [[945 143]]

 [[945 158]]

 [[946 159]]

 [[946 160]]

 [[945 161]]

 [[945 164]]

 [[945 161]]

 [[946 160]]

 [[946 159]]

 [[945 158]]

 [[945 143]]

 [[944 142]]

 [[944 140]]

 [[945 139]]

 [[945 133]]

 [[944 132]]

 [[944 131]]

 [[945 130]]

 [[945 126]]

 [[944 125]]

 [[944 122]]

 [[945 121]]

 [[945 115]]

 [[944 114]]

 [[944 112]]

 [[945 111]]

 [[944 110]]

 [[944 101]]

 [[943 100]]

 [[944  99]]

 [[944  96]]

 [[946  94]]

 [[947  94]]]
[[[610  66]]

 [[604  72]]

 [[603  72]]

 [[597  78]]

 [[596  78]]

 [[590  84]]

 [[589  84]]

 [[582  91]]

 [[581  91]]

 [[580  90]]

 [[580  89]]

 [[580  90]]

 [[581  91]]

 [[576  96]]

 [[575  96]]

 [[567 104]]

 [[566 104]]

 [[559 111]]

 [[558 111]]

 [[551 118]]

 [[550 118]]

 [[548 120]]

 [[549 121]]

 [[548 122]]

 [[553 127]]

 [[553 128]]

 [[554 129]]

 [[549 134]]

 [[548 134]]

 [[548 135]]

 [[549 136]]

 [[549 138]]

 [[564 153]]

 [[564 154]]

 [[572 162]]

 [[573 162]]

 [[575 164]]

 [[575 165]]

 [[598 188]]

 [[598 189]]

 [[609 200]]

 [[610 200]]

 [[611 201]]

 [[614 201]]

 [[618 197]]

 [[619 197]]

 [[626 190]]

 [[627 190]]

 [[636 181]]

 [[637 181]]

 [[645 173]]

 [[646 173]]

 [[661 159]]

 [[662 159]]

 [[669 152]]

 [[670 152]]

 [[678 144]]

 [[679 144]]

 [[690 133]]

 [[690 131]]

 [[689 130]]

 [[689 129]]

 [[688 129]]

 [[684 125]]

 [[684 124]]

 [[676 116]]

 [[675 116]]

 [[627  68]]

 [[626  68]]

 [[625  67]]

 [[619  72]]

 [[617  72]]

 [[614  68]]

 [[613  68]]]
[[[625  67]]

 [[674 116]]

 [[675 116]]

 [[685 126]]

 [[685 127]]

 [[687 129]]

 [[688 129]]

 [[689 130]]

 [[690 133]]

 [[689 134]]

 [[688 134]]

 [[678 144]]

 [[677 144]]

 [[661 159]]

 [[660 159]]

 [[651 168]]

 [[650 168]]

 [[645 173]]

 [[644 173]]

 [[636 181]]

 [[635 181]]

 [[618 197]]

 [[617 197]]

 [[613 201]]

 [[612 201]]

 [[611 200]]

 [[610 200]]

 [[598 188]]

 [[598 187]]

 [[594 184]]

 [[594 183]]

 [[564 153]]

 [[564 152]]

 [[549 137]]

 [[549 136]]

 [[548 135]]

 [[549 134]]

 [[550 134]]

 [[554 130]]

 [[554 129]]

 [[553 128]]

 [[554 127]]

 [[549 122]]

 [[549 120]]

 [[551 118]]

 [[552 118]]

 [[559 111]]

 [[560 111]]

 [[567 104]]

 [[568 104]]

 [[576  96]]

 [[577  96]]

 [[590  84]]

 [[591  84]]

 [[597  78]]

 [[598  78]]

 [[604  72]]

 [[605  72]]

 [[610  67]]

 [[613  68]]

 [[616  72]]

 [[620  72]]

 [[622  70]]

 [[623  70]]]
[[[232  65]]

 [[230  69]]

 [[235  75]]

 [[232  78]]

 [[232  82]]

 [[239  89]]

 [[242  90]]

 [[246  87]]

 [[399 249]]

 [[411 263]]

 [[440 293]]

 [[441 296]]

 [[438 299]]

 [[438 303]]

 [[443 308]]

 [[444 307]]

 [[447 307]]

 [[450 304]]

 [[452 306]]

 [[454 305]]

 [[457 301]]

 [[456 298]]

 [[459 296]]

 [[459 292]]

 [[454 287]]

 [[451 287]]

 [[447 289]]

 [[435 277]]

 [[380 217]]

 [[252  82]]

 [[255  77]]

 [[254  76]]

 [[255  75]]

 [[247  67]]

 [[244  67]]

 [[241  70]]

 [[235  64]]]
[[[234  64]]

 [[240  70]]

 [[242  70]]

 [[246  67]]

 [[254  75]]

 [[255  77]]

 [[251  82]]

 [[380 218]]

 [[435 278]]

 [[446 289]]

 [[449 289]]

 [[453 287]]

 [[459 293]]

 [[459 295]]

 [[456 297]]

 [[456 300]]

 [[457 301]]

 [[453 305]]

 [[450 304]]

 [[446 307]]

 [[443 307]]

 [[438 302]]

 [[438 300]]

 [[441 297]]

 [[441 294]]

 [[439 291]]

 [[411 262]]

 [[399 248]]

 [[254  95]]

 [[246  85]]

 [[245  87]]

 [[242  89]]

 [[240  89]]

 [[232  81]]

 [[232  79]]

 [[235  76]]

 [[235  74]]

 [[230  68]]]
[[[618  41]]

 [[618  43]]

 [[629  54]]

 [[629  55]]

 [[619  65]]

 [[618  65]]

 [[613  60]]

 [[611  60]]

 [[609  58]]

 [[609  57]]

 [[608  56]]

 [[608  54]]

 [[616  46]]

 [[617  46]]

 [[617  45]]

 [[615  47]]

 [[614  47]]

 [[608  53]]

 [[608  57]]

 [[611  60]]

 [[610  61]]

 [[611  60]]

 [[612  60]]

 [[616  64]]

 [[617  64]]

 [[618  65]]

 [[618  66]]

 [[619  67]]

 [[618  68]]

 [[618  69]]

 [[618  68]]

 [[619  67]]

 [[619  66]]

 [[629  56]]

 [[629  54]]

 [[628  53]]

 [[628  52]]

 [[618  42]]]
[[[  0  32]]

 [[  4  34]]

 [[ 12  41]]

 [[ 13  41]]

 [[ 17  45]]

 [[ 21  47]]

 [[ 24  50]]

 [[ 25  50]]

 [[ 28  53]]

 [[ 29  53]]

 [[ 33  57]]

 [[ 34  57]]

 [[ 40  62]]

 [[ 41  62]]

 [[ 45  66]]

 [[ 46  66]]

 [[ 49  69]]

 [[ 50  69]]

 [[ 53  72]]

 [[ 54  72]]

 [[ 58  76]]

 [[ 59  76]]

 [[ 62  79]]

 [[ 63  79]]

 [[ 67  83]]

 [[ 68  83]]

 [[ 71  86]]

 [[ 72  86]]

 [[ 75  89]]

 [[ 76  89]]

 [[ 79  92]]

 [[ 80  92]]

 [[ 86  98]]

 [[ 87  98]]

 [[ 90 101]]

 [[ 92 102]]

 [[ 92 104]]

 [[ 91 105]]

 [[ 84 105]]

 [[ 83 104]]

 [[ 76 104]]

 [[ 75 103]]

 [[ 66 103]]

 [[ 65 102]]

 [[ 58 102]]

 [[ 57 101]]

 [[ 49 101]]

 [[ 48 100]]

 [[ 41 100]]

 [[ 40  99]]

 [[ 32  99]]

 [[ 31  98]]

 [[ 16  98]]

 [[ 12 104]]

 [[ 12 107]]

 [[ 11 108]]

 [[ 11 112]]

 [[ 10 113]]

 [[ 11 115]]

 [[ 11 117]]

 [[ 11 115]]

 [[ 10 113]]

 [[ 11 112]]

 [[ 11 108]]

 [[ 12 107]]

 [[ 12 104]]

 [[ 17  98]]

 [[ 31  98]]

 [[ 32  99]]

 [[ 40  99]]

 [[ 41 100]]

 [[ 48 100]]

 [[ 49 101]]

 [[ 57 101]]

 [[ 58 102]]

 [[ 65 102]]

 [[ 66 103]]

 [[ 75 103]]

 [[ 76 104]]

 [[ 83 104]]

 [[ 84 105]]

 [[ 92 105]]

 [[ 92 102]]

 [[ 81  92]]

 [[ 80  92]]

 [[ 77  89]]

 [[ 76  89]]

 [[ 73  86]]

 [[ 72  86]]

 [[ 69  83]]

 [[ 68  83]]

 [[ 64  79]]

 [[ 63  79]]

 [[ 55  72]]

 [[ 54  72]]

 [[ 51  69]]

 [[ 50  69]]

 [[ 47  66]]

 [[ 46  66]]

 [[ 43  63]]

 [[ 42  63]]

 [[ 38  59]]

 [[ 34  57]]

 [[ 30  53]]

 [[ 29  53]]

 [[ 22  47]]

 [[ 18  45]]

 [[ 14  41]]

 [[ 13  41]]

 [[  9  37]]

 [[  8  37]]

 [[  1  31]]]
[[[ 0 23]]

 [[ 1 23]]

 [[ 5 27]]

 [[ 6 27]]

 [[10 31]]

 [[11 31]]

 [[14 34]]

 [[15 34]]

 [[18 37]]

 [[19 37]]

 [[22 40]]

 [[23 40]]

 [[27 44]]

 [[28 44]]

 [[31 47]]

 [[32 47]]

 [[35 50]]

 [[36 50]]

 [[40 54]]

 [[41 54]]

 [[45 58]]

 [[46 58]]

 [[49 61]]

 [[50 61]]

 [[53 64]]

 [[54 64]]

 [[58 68]]

 [[59 68]]

 [[63 72]]

 [[64 72]]

 [[67 75]]

 [[68 75]]

 [[71 78]]

 [[72 78]]

 [[76 82]]

 [[77 82]]

 [[80 85]]

 [[81 85]]

 [[85 89]]

 [[86 89]]

 [[90 93]]

 [[92 93]]

 [[91 93]]

 [[87 89]]

 [[86 89]]

 [[82 85]]

 [[81 85]]

 [[78 82]]

 [[77 82]]

 [[73 78]]

 [[72 78]]

 [[69 75]]

 [[68 75]]

 [[65 72]]

 [[64 72]]

 [[60 68]]

 [[59 68]]

 [[55 64]]

 [[54 64]]

 [[51 61]]

 [[50 61]]

 [[47 58]]

 [[46 58]]

 [[42 54]]

 [[41 54]]

 [[37 50]]

 [[36 50]]

 [[33 47]]

 [[32 47]]

 [[29 44]]

 [[28 44]]

 [[24 40]]

 [[23 40]]

 [[20 37]]

 [[19 37]]

 [[16 34]]

 [[15 34]]

 [[12 31]]

 [[11 31]]

 [[ 7 27]]

 [[ 6 27]]

 [[ 3 24]]

 [[ 2 24]]

 [[ 1 23]]]
[[[941   0]]

 [[941   6]]

 [[940   7]]

 [[941   8]]

 [[940   9]]

 [[940  10]]

 [[941  11]]

 [[940  12]]

 [[940  14]]

 [[941  15]]

 [[941  33]]

 [[942  34]]

 [[942  49]]

 [[943  50]]

 [[943  51]]

 [[942  52]]

 [[942  69]]

 [[943  70]]

 [[943  82]]

 [[942  83]]

 [[943  84]]

 [[943  85]]

 [[942  86]]

 [[943  87]]

 [[943  94]]

 [[943  87]]

 [[942  86]]

 [[943  85]]

 [[943  84]]

 [[942  83]]

 [[943  82]]

 [[943  70]]

 [[942  69]]

 [[942  52]]

 [[943  51]]

 [[943  50]]

 [[942  49]]

 [[942  34]]

 [[941  33]]

 [[941  15]]

 [[940  14]]

 [[940  12]]

 [[941  11]]

 [[940  10]]

 [[940   9]]

 [[941   8]]

 [[940   7]]

 [[941   6]]]
[[[918  63]]

 [[851   0]]

 [[918  65]]

 [[830 146]]

 [[787 107]]

 [[689 195]]

 [[711 220]]

 [[707 224]]

 [[681 202]]

 [[441 418]]

 [[320 532]]

 [[328 543]]

 [[324 548]]

 [[315 539]]

 [[311 540]]

 [[199 643]]

 [[236 694]]

 [[165 758]]

 [[236 695]]

 [[235 689]]

 [[199 644]]

 [[312 540]]

 [[325 548]]

 [[328 542]]

 [[321 532]]

 [[442 418]]

 [[683 202]]

 [[708 224]]

 [[711 219]]

 [[689 196]]

 [[788 107]]

 [[830 146]]]
[[[818   0]]

 [[792  25]]

 [[754  59]]

 [[754  62]]

 [[829 136]]

 [[832 136]]

 [[908  66]]

 [[906  65]]

 [[907  64]]

 [[868  28]]

 [[840   0]]

 [[839   1]]

 [[900  58]]

 [[907  66]]

 [[848 121]]

 [[830 136]]

 [[754  61]]

 [[761  53]]

 [[819   1]]]
[[[809   0]]

 [[744  59]]

 [[782 102]]

 [[684 190]]

 [[660 168]]

 [[611 210]]

 [[544 141]]

 [[535 146]]

 [[518 128]]

 [[535 111]]

 [[546 115]]

 [[605  63]]

 [[600  54]]

 [[620  38]]

 [[637  55]]

 [[631  64]]

 [[699 131]]

 [[662 167]]

 [[692 141]]

 [[699 130]]

 [[631  63]]

 [[637  54]]

 [[620  37]]

 [[600  53]]

 [[605  62]]

 [[543 116]]

 [[535 110]]

 [[517 126]]

 [[534 146]]

 [[543 141]]

 [[610 210]]

 [[654 174]]

 [[676 197]]

 [[315 526]]

 [[302 518]]

 [[308 533]]

 [[195 637]]

 [[154 592]]

 [[ 73 663]]

 [[ 56 683]]

 [[114 759]]

 [[ 56 681]]

 [[154 592]]

 [[196 637]]

 [[308 534]]

 [[303 518]]

 [[314 526]]

 [[677 197]]

 [[655 173]]

 [[659 169]]

 [[684 191]]

 [[783 102]]

 [[744  60]]]
[[[106   0]]

 [[106   3]]

 [[105   4]]

 [[105  11]]

 [[104  12]]

 [[104  16]]

 [[103  17]]

 [[103  28]]

 [[102  29]]

 [[102  32]]

 [[101  33]]

 [[101  44]]

 [[100  45]]

 [[100  52]]

 [[ 99  53]]

 [[ 99  57]]

 [[ 98  58]]

 [[ 98  69]]

 [[ 97  70]]

 [[ 97  77]]

 [[ 96  78]]

 [[ 96  86]]

 [[ 95  87]]

 [[ 95  93]]

 [[ 93  95]]

 [[ 95  95]]

 [[ 96  96]]

 [[ 96 100]]

 [[ 95 101]]

 [[ 96 100]]

 [[ 96  96]]

 [[ 95  95]]

 [[ 95  87]]

 [[ 96  86]]

 [[ 96  78]]

 [[ 97  77]]

 [[ 97  70]]

 [[ 98  69]]

 [[ 98  58]]

 [[ 99  57]]

 [[ 99  53]]

 [[100  52]]

 [[100  45]]

 [[101  44]]

 [[101  33]]

 [[102  32]]

 [[102  29]]

 [[103  28]]

 [[103  17]]

 [[104  16]]

 [[104  12]]

 [[105  11]]

 [[105   4]]

 [[106   3]]]
